3 33 213 299 
3 33 33 12 
3 33 33 12 
3 33 33 12 
3 33 33 12 
3 33 33 12 
3 33 33 12 
3 33 33 12 
3 33 33 12 
3 33 33 12 
3 33 33 12 
3 33 33 12 
3 33 33 12 
3 33 33 12 
3 33 33 12 
3 33 33 12 
3 33 33 12 
3 33 33 12 
3 33 33 12 
3 33 33 12 
3 33 33 12 
3 33 33 12 
3 33 33 12 
3 33 33 12 
3 33 33 298 
3 33 33 1 
3 33 33 1 
3 33 33 1 
3 33 33 1 
3 33 33 10 
3 213 33 297 
3 213 33 12 
3 213 33 12 
3 213 33 12 
3 213 33 12 
3 213 33 12 
3 213 33 12 
3 213 33 12 
3 213 33 12 
3 213 33 12 
3 213 33 12 
3 213 33 12 
3 213 33 12 
3 213 33 1 
3 213 33 1 
3 33 213 1 
3 33 33 33 
3 33 33 33 
3 33 33 33 
3 33 33 33 
3 33 33 33 
3 33 33 33 
3 33 33 33 
3 33 33 33 
3 33 33 33 
3 33 33 33 
3 33 33 33 
3 33 33 33 
3 33 33 33 
3 33 33 33 
3 33 33 33 
3 33 33 33 
3 33 33 33 
3 33 33 33 
3 33 33 33 
3 33 213 12 
3 33 213 12 
3 33 213 12 
3 33 213 12 
3 33 213 12 
3 33 213 12 
3 33 213 12 
3 213 213 1 
3 213 33 33 
3 213 33 33 
3 213 33 33 
3 213 33 33 
3 213 33 33 
3 213 33 33 
3 213 33 33 
3 33 213 33 
3 33 213 33 
3 33 213 33 
3 33 213 33 
3 33 213 33 
3 33 213 33 
3 213 213 12 
3 213 213 12 
3 213 213 12 
3 213 213 12 
3 33 33 213 
3 33 33 213 
3 33 33 213 
3 33 33 213 
3 33 33 213 
3 33 33 213 
3 213 213 10 
3 213 213 33 
3 213 213 33 
3 213 33 213 
